28 78
0 1 2 15 14 13 
2 3 4 17 16 15 
4 5 6 19 18 17 
6 7 8 21 20 19 
8 9 10 23 22 21 
10 11 12 25 24 23 
14 15 16 29 28 27 
16 17 18 31 30 29 
18 19 20 33 32 31 
20 21 22 35 34 33 
22 23 24 37 36 35 
26 27 28 41 40 39 
28 29 30 43 42 41 
30 31 32 45 44 43 
32 33 34 47 46 45 
34 35 36 49 48 47 
36 37 38 51 50 49 
40 41 42 55 54 53 
42 43 44 57 56 55 
44 45 46 59 58 57 
46 47 48 61 60 59 
48 49 50 63 62 61 
52 53 54 67 66 65 
54 55 56 69 68 67 
56 57 58 71 70 69 
58 59 60 73 72 71 
60 61 62 75 74 73 
62 63 64 77 76 75 
0.0 0.0
2.4083311662370064 2.2068289249807065
4.816662332474013 0.0
7.224993498711019 2.2068289249807065
9.633324664948026 0.0
12.041655831185032 2.2068289249807065
14.44998699742204 0.0
16.858318163659046 2.2068289249807065
19.26664932989605 0.0
21.674980496133056 2.2068289249807065
24.08331166237006 0.0
26.491642828607066 2.2068289249807065
28.89997399484407 0.0
0.0 6.20546
2.4083311662370064 3.998631075019294
4.816662332474013 6.20546
7.224993498711019 3.998631075019294
9.633324664948026 6.20546
12.041655831185032 3.998631075019294
14.44998699742204 6.20546
16.858318163659046 3.998631075019294
19.26664932989605 6.20546
21.674980496133056 3.998631075019294
24.08331166237006 6.20546
26.491642828607066 3.998631075019294
28.89997399484407 6.20546
0.0 7.997262150038588
2.4083311662370064 10.204091075019294
4.816662332474013 7.997262150038588
7.224993498711019 10.204091075019294
9.633324664948026 7.997262150038588
12.041655831185032 10.204091075019294
14.44998699742204 7.997262150038588
16.858318163659046 10.204091075019294
19.26664932989605 7.997262150038588
21.674980496133056 10.204091075019294
24.08331166237006 7.997262150038588
26.491642828607066 10.204091075019294
28.89997399484407 7.997262150038588
0.0 14.20272215003859
2.4083311662370064 11.995893225057882
4.816662332474013 14.20272215003859
7.224993498711019 11.995893225057882
9.633324664948026 14.20272215003859
12.041655831185032 11.995893225057882
14.44998699742204 14.20272215003859
16.858318163659046 11.995893225057882
19.26664932989605 14.20272215003859
21.674980496133056 11.995893225057882
24.08331166237006 14.20272215003859
26.491642828607066 11.995893225057882
28.89997399484407 14.20272215003859
0.0 15.994524300077176
2.4083311662370064 18.201353225057883
4.816662332474013 15.994524300077176
7.224993498711019 18.201353225057883
9.633324664948026 15.994524300077176
12.041655831185032 18.201353225057883
14.44998699742204 15.994524300077176
16.858318163659046 18.201353225057883
19.26664932989605 15.994524300077176
21.674980496133056 18.201353225057883
24.08331166237006 15.994524300077176
26.491642828607066 18.201353225057883
28.89997399484407 15.994524300077176
0.0 22.199984300077176
2.4083311662370064 19.99315537509647
4.816662332474013 22.199984300077176
7.224993498711019 19.99315537509647
9.633324664948026 22.199984300077176
12.041655831185032 19.99315537509647
14.44998699742204 22.199984300077176
16.858318163659046 19.99315537509647
19.26664932989605 22.199984300077176
21.674980496133056 19.99315537509647
24.08331166237006 22.199984300077176
26.491642828607066 19.99315537509647
28.89997399484407 22.199984300077176
