0.0 0.0
3.046700604197354 1.4292337492561313
5.81033659980845 -0.5373593448875658
8.88622821055919 0.9187964083056289
11.842976576779083 -0.7791489132945751
14.892815644070073 0.7497522467547655
17.91210137276539 -0.8411207311594856
20.931430991709547 0.7496776161616654
23.981314310127797 -0.77915210206669
26.938057729494254 0.9188082343494913
30.0139332271871 -0.537375998763704
32.77755866558824 1.429229985327491
35.82426 0.0
0.0 6.20546
2.838557880845102 4.026479637882129
5.959832122609719 5.617819299812988
8.880075380805122 3.703529637512803
11.920176925109692 5.406173246616765
14.901062317640884 3.6066954384551164
17.912142679118787 5.353242328191905
20.9232113322973 3.6066865055702073
23.904083546736246 5.40617288750993
26.944169756814567 3.7035119697665486
29.864405525456803 5.617805169302949
32.98569250914514 4.0264925489367895
35.82426 6.20546
0.0 7.997262150038588
2.9792627053953136 9.933523224024228
5.931125755069503 8.051673054006464
8.93538318347285 9.836179674030785
11.912543342417516 8.022005450900833
14.916297557590413 9.78379813030092
17.912125182355254 8.011944285112527
20.907952142089528 9.78379621668323
23.911707840134117 8.022006109613796
26.8888728566126 9.836177889134007
29.893139769235116 8.051681247719435
32.84500486906723 9.933540648007405
35.82426 7.997262150038588
0.0 14.20272215003859
2.9792627053952394 12.26646107605291
5.931125755069643 14.148311246070714
8.935383183472672 12.363804626046402
11.912543342417726 14.17797884917634
14.916297557590184 12.416186169776266
17.912125182355492 14.188040014964649
20.907952142089297 12.416188083393937
23.91170784013433 14.17797819046339
26.88887285661242 12.363806410943162
29.89313976923526 14.148303052357742
32.845004869067154 12.266443652069812
35.82426 14.20272215003859
0.0 15.994524300077176
2.8385578808448764 18.17350466219507
5.959832122610292 16.58216500026449
8.88007538080426 18.49645466256427
11.920176925110761 16.793811053460644
14.901062317639605 18.59328886162201
17.912142679120063 16.84674197188527
20.92321133229602 18.593297794507016
23.904083546737322 16.793811412567013
26.94416975681371 18.49647233031073
29.864405525457386 16.582179130773927
32.98569250914492 18.173491751140368
35.82426 15.994524300077176
0.0 22.199984300077176
3.046700604196697 20.770750550820765
5.81033659981017 22.73734364496443
8.88622821055635 21.28118789177119
11.842976576782927 22.979133213371522
14.892815644065502 21.450232053322253
17.912101372770206 23.04110503123666
20.931430991704982 21.45030668391568
23.981314310131655 22.9791364021441
26.938057729491415 21.281176065728044
30.013933227188822 22.737360298841192
32.77755866558758 20.770754314749965
35.82426 22.199984300077176
